232,3
280,35
3,2
3,1
3,3
10,13
10,87
10,5
10,27
10,253
10,31
10,159
8,8
8,17
8,4
8,13
8,7
8,2
232,1
232,4
232,2
232,0
48,3
48,1
29,3
29,2
29,1
29,0
28,3
28,2
28,1
28,0
20,3
20,2
20,1
19,3
19,2
19,1
12,3
12,2
12,1
11,30
11,29
11,28
11,27
11,26
11,25
11,24
11,23
11,22
11,21
11,20
11,19
11,18
18,1
11,17
11,16
18,3
11,15
11,14
11,13
11,12
11,11
11,10
11,9
11,8
11,7
11,6
11,5
11,4
11,3
11,2
14,1
11,1
10,315
10,314
10,313
10,312
10,311
10,310
10,309
10,308
10,307
10,306
10,305
10,304
10,303
10,302
10,301
14,3
10,300
10,299
10,298
10,297
10,296
10,295
13,1
10,294
10,293
13,3
10,292
10,291
10,290
10,289
10,288
10,285
10,281
10,278
10,276
10,274
10,273
10,271
10,268
10,266
10,241
10,203
10,173
10,165
